443.86
153.44
456.18
129.17
459.92
125.91
458.24
210.0
198.3
258.88
178.1
126.72
215.38
428.2
229.01
460.0
429.94
321.94
437.45
429.15
350.94
128.72
204.54
204.93
428.7
271.54
234.37
239.43
196.53
438.46
322.86
324.51
325.27
196.29
213.61
220.7
334.48
126.71
440.26
322.4
127.68
195.56
217.4
321.37
129.64
128.15
436.25
185.51
319.96
245.83
429.95
366.22
156.36
431.37
370.35
355.13
435.78
324.91
128.98
428.13
127.68
328.45
241.83
181.12
430.66
364.76
283.45
426.52
434.97
439.97
251.45
330.34
125.78
455.06
224.89
420.76
149.64
350.86
330.42
202.3
225.57
227.83
232.56
153.69
331.79
430.61
197.32
235.72
179.44
279.91
195.37
299.45
396.19
183.63
324.29
325.37
355.46
211.51
346.69
322.97
814.49
1536.1
843.67
1701.34
1233.63
629.22
1460.1
1506.09
741.04
1424.49
764.58
1534.56
1473.1
1576.3
1598.9
1464.65
829.73
751.72
1298.5
780.87
1689.52
1686.37
927.84
1126.92
819.8
1650.98
761.07
543.97
640.69
848.36
1484.67
1013.4
1030.83
942.59
1412.55
778.88
1146.74
1392.16
1482.37
914.3
736.8
1124.1
1179.15
850.96
1039.29
1396.94
1614.43
1582.81
916.55
1478.67
941.58
1562.43
1071.3
1503.36
1384.12
1019.64
1179.04
1279.61
792.7
752.32
1346.2
607.85
1149.89
943.16
1476.74
1417.04
743.39
554.62
1710.49
503.69
756.28
978.9
851.63
1208.38
1349.35
1462.92
1597.94
707.77
623.92
860.32
1564.26
1321.45
1110.35
1716.48
1055.44
1084.6
834.87
926.82
946.81
1502.35
1559.94
1290.57
1020.77
579.78
524.78
1177.41
1029.48
687.74
711.22
915.97
1896.71
1556.81
1628.9
998.62
1508.19
2037.88
1185.66
1020.68
1254.17
1761.8
1568.9
1358.57
1549.44
1153.51
1760.66
1722.32
1588.0
1194.33
1846.6
1572.21
1041.54
1356.51
1897.08
1734.94
1773.32
647.22
1317.63
1864.23
1017.3
1660.29
669.32
1555.02
1091.19
97.55
1013.36
1794.95
1132.12
1660.7
1660.96
1536.73
1213.99
1507.95
819.7
1627.53
1674.64
1822.45
1900.79
1840.23
1599.18
1817.88
1316.32
1569.69
1802.02
1570.59
1895.33
1078.77
1523.57
895.4
1520.11
1228.75
1548.62
349.01
1884.29
1247.47
1609.44
1754.3
1766.24
1329.3
1461.14
1913.29
1654.33
1776.97
1516.57
1193.6
974.47
963.59
1884.06
1479.84
1561.01
925.01
1921.88
1191.36
1519.35
1916.85
1608.64
1812.64
1791.06
605.82
1696.77
1199.89
1873.72
1892.98
1975.29
1944.4
1053.07
1495.95
973.27
287.66
1649.63
1674.17
1405.19
1039.92
1323.14
819.21
1380.08
833.65
930.03
1462.18
1374.8
1538.11
996.89
1211.0
1154.45
1144.57
1172.64
896.19
992.33
647.53
1083.67
964.82
1464.35
923.05
764.25
1457.35
1543.88
1033.6
1239.22
1607.93
1092.61
1041.32
622.09
704.22
671.67
1953.64
1278.95
829.46
746.75
691.17
988.49
1102.95
703.22
882.71
1229.13
1410.98
955.48
1054.4
1338.05
696.69
927.97
1140.48
1716.64
1006.73
675.15
1134.81
662.78
708.59
1347.94
1362.57
624.0
714.69
737.74
1074.25
1804.64
1338.33
668.56
1657.43
1433.01
844.12
685.91
1067.29
1060.98
1060.51
1362.49
1320.3
1279.7
1113.24
1368.69
644.8
762.0
1273.25
814.82
1037.57
1318.89
584.82
1160.34
781.03
1931.12
549.68
866.55
1346.04
677.37
992.7
709.25
1328.99
1763.08
1087.5
1393.57
829.61
1154.38
1641.9
861.54
259.14
811.33
758.44
478.28
294.7
625.63
800.42
778.67
703.6
497.3
576.12
756.02
1163.61
619.9
530.01
1061.93
661.64
992.44
626.03
785.69
307.12
794.05
1003.84
603.36
615.13
829.05
480.02
553.1
976.34
505.46
576.32
599.65
678.18
429.73
1016.02
1058.04
530.84
986.91
536.5
1034.7
865.54
363.27
228.45
566.79
932.14
664.94
530.59
802.0
505.23
346.93
317.09
378.91
705.57
1138.68
677.3
855.41
758.24
491.72
745.78
844.98
798.66
851.34
784.22
1146.12
511.73
886.76
1124.83
1141.14
369.25
759.66
960.05
1110.82
1043.83
754.09
820.71
1109.74
1033.7
802.46
457.78
396.64
750.69
338.69
384.26
731.06
661.82
1115.71
858.32
728.73
1068.35
556.59
611.22
478.86
783.18
467.45
367.36
1130.99
881.3
803.08
753.91
958.9
847.45
643.25
319.55
1026.04
173.87
808.24
630.28
858.6
620.88
850.46
710.44
653.97
459.26
340.4
788.36
762.44
1131.1
814.99
506.4
961.67
729.74
1166.61
455.55
660.74
475.57
631.34
730.29
791.55
378.97
665.96
924.13
739.91
676.67
337.43
730.52
971.43
370.14
1067.42
625.13
758.79
1007.08
829.48
305.46
504.39
434.14
1122.52
1041.87
456.98
790.56
1458.36
1120.04
1250.85
1386.0
1190.8
512.49
716.93
794.48
1141.36
1417.76
807.43
1429.12
885.59
701.27
1444.24
707.11
721.6
629.1
953.94
1359.54
642.86
655.85
932.76
1461.8
1247.13
699.64
1466.35
709.11
1286.97
677.55
656.02
1119.02
626.74
649.76
773.64
1477.54
1323.6
978.54
1091.36
1198.82
1479.9
882.19
1059.64
1498.63
735.74
689.09
1427.22
1190.97
915.69
1306.52
1466.78
787.55
1526.06
1391.49
613.25
1430.27
895.84
644.4
829.38
1495.02
869.86
1173.1
1163.32
1523.73
1432.04
834.0
1072.99
1356.27
1389.04
662.59
1487.7
532.51
1389.7
535.9
838.73
1343.5
1291.99
749.89
1443.51
1046.34
858.99
598.45
770.39
1465.96
876.27
709.01
1499.23
1408.91
810.28
1478.45
568.74
1115.01
765.39
1017.17
950.05
1151.81
681.4
1281.16
1438.37
806.58
1934.12
2186.75
1949.82
1944.62
1830.43
1969.67
1964.67
1936.17
2022.08
1943.06
2058.56
1931.83
1810.93
1981.72
1856.83
1902.33
1825.05
1975.47
1904.12
1901.86
1892.04
1842.52
2026.25
1972.18
1938.2
1815.97
1985.8
2030.99
1778.92
2062.53
1858.17
1860.12
1907.64
1937.14
2024.7
1714.55
1791.2
1940.16
1898.64
1781.04
1843.6
1998.55
1937.91
1805.84
1834.72
1905.2
1854.16
1714.64
2196.68
2092.52
1830.31
1926.68
1816.59
1934.39
2038.55
1868.81
1975.38
2159.67
1849.66
1773.52
1822.19
1867.89
1817.19
1909.76
1945.79
1860.49
1870.0
1830.05
1965.0
1798.01
2102.28
2021.21
1912.95
1949.89
1823.57
2026.02
1855.65
2054.34
1919.98
1841.73
1957.61
1822.92
1837.81
1886.45
1156.73
1941.64
1930.25
1826.32
1858.18
2012.91
877.61
2033.53
2073.83
1843.89
1981.52
1823.88
1956.57
2040.68
975.68
1896.17
1328.35
1186.43
940.12
1878.02
1464.71
787.17
1321.62
1392.51
636.03
1317.36
2139.67
1527.74
1844.89
1768.04
1558.63
2063.1
1687.46
1822.79
1788.7
1542.66
1393.72
2135.3
1749.78
1857.91
1509.82
1405.25
1583.11
843.67
1940.76
1553.04
1679.77
1571.66
1847.24
1085.38
1478.28
1978.24
665.97
1856.8
1667.78
431.75
1902.67
1952.93
1150.31
668.6
1326.99
1745.21
1894.09
755.17
1602.02
1440.03
16.88
1413.75
1321.62
2029.38
1591.35
1027.67
1561.32
1910.81
1390.61
1862.67
1341.39
1111.36
620.62
171.13
1313.31
1303.97
1202.95
1941.73
1330.54
821.14
1496.28
1373.84
1381.5
510.98
1524.95
1623.13
1596.23
1726.7
660.16
1607.01
1274.19
956.52
1491.4
1854.18
581.68
1783.22
1450.31
1694.01
992.12
1762.17
2143.22
833.23
1359.3
1341.77
1533.47
1705.57
1789.82
1262.34
972.14
1188.22
1536.65
1817.03
1605.29
1792.32
1867.01
1864.88
1846.09
1795.57
1340.27
1716.17
1377.87
1205.67
1198.74
1424.44
1416.14
1292.94
1645.69
1442.57
1374.79
1614.72
925.18
1562.85
1771.86
1228.99
1260.07
2144.38
1165.51
1666.21
1595.0
1884.57
552.13
1445.27
1363.88
1090.1
667.11
1462.06
1045.76
1134.39
1744.44
1231.45
778.46
1370.04
795.27
1881.18
1090.37
1910.24
1967.43
1107.52
888.44
1739.54
1670.92
1541.19
1951.8
2130.56
1508.37
734.69
1606.56
705.16
1263.53
1805.81
1826.27
786.71
644.34
1377.59
1614.35
1168.37
827.88
1682.08
1541.03
2007.06
1850.55
1869.25
993.27
1901.6
1391.17
1445.21
1680.0
1925.42
1618.04
1696.44
974.57
1827.94
1952.0
1581.03
1580.29
1476.55
572.7
1069.16
789.22
1444.26
1979.97
1882.05
1304.42
1430.92
1191.82
1516.61
1729.59
1789.81
1308.51
1662.33
1531.7
1386.11
1944.3
1540.5
1033.56
1639.59
1403.28
1510.8
1616.75
1983.68
1487.93
1730.42
1680.03
1505.57
1601.1
2183.25
1912.2
2033.04
1530.44
1044.77
1096.83
2127.72
1947.29
1909.74
1387.04
1682.72
930.2
542.03
1449.55
1665.51
1210.52
1100.15
1309.15
1926.14
1935.47
1645.49
1832.36
2054.03
2033.86
1770.83
1590.11
1592.29
1812.99
1497.38
2003.71
1618.96
1281.11
1836.99
1710.11
1864.59
657.5
765.49
1904.59
1601.56
1712.16
2013.7
1599.68
1835.5
1562.64
1966.03
1276.96
1786.03
753.53
1592.84
1643.94
529.49
1288.63
1508.7
966.66
1883.0
1676.32
757.19
1593.11
1790.69
755.11
1272.68
1674.29
1829.61
1856.91
1466.79
981.38
1070.71
902.2
1478.52
1393.34
839.08
727.12
1084.45
1145.42
1760.82
1564.38
1048.2
0.0
1298.86
1157.57
1540.0
613.9
1339.27
1217.65
1765.6
752.29
1353.2
1007.61
1903.5
1463.27
1466.73
1791.02
1735.31
745.83
1895.27
1727.25
1092.47
1271.58
1628.36
1555.08
1221.93
1702.17
1694.22
1690.35
1626.45
327.95
1708.68
751.09
1442.86
1373.91
1633.71
1246.45
1617.45
1830.41
963.11
1481.76
1310.64
1840.8
1620.36
1368.44
646.88
1213.35
1864.81
1670.26
869.85
1810.2
1451.12
1242.0
1764.35
1516.2
1431.41
545.74
1096.71
1825.06
1712.46
972.41
1001.59
1877.88
1217.69
1374.87
1779.06
1615.8
1494.99
857.75
1838.82
1702.27
1727.28
1841.6
1461.09
1539.54
1641.4
1906.86
758.27
1713.53
1641.77
1585.17
1368.08
1783.29
813.04
1650.5
1433.5
1911.51
1951.7
1525.08
1650.96
1518.08
1821.96
1659.06
976.07
1001.63
1274.89
1232.88
1508.46
1790.63
2032.37
1471.69
1165.3
1300.7
1164.26
1491.0
1158.36
1897.44
1835.02
1791.1
1283.96
1656.84
1638.06
293.4
2047.55
1376.43
1654.4
1627.81
1847.95
1882.42
997.64
668.26
1225.05
740.85
1857.7
584.43
1970.99
475.34
1406.35
1723.44
1511.6
1579.25
1494.47
1292.37
1810.3
1049.64
1611.75
1653.42
1527.59
1946.64
1668.62
667.39
1611.62
630.87
1590.52
1291.65
1806.7
825.52
1474.13
1270.0
979.63
1734.65
875.85
1624.57
1667.65
1620.9
1970.19
1811.22
1515.53
1247.92
1155.97
1724.63
1257.53
1618.68
1334.36
797.76
1096.64
1348.76
996.39
1794.55
1353.94
1997.92
507.9
1816.78
1488.77
1814.54
1719.94
439.14
798.93
1775.15
628.78
1079.86
1557.68
1502.91
1699.55
1374.03
1825.63
1336.37
1740.08
824.69
1520.09
1510.49
1245.13
1531.46
1577.15
1592.26
447.21
1179.79
794.6
1430.48
1531.4
1010.26
1254.36
867.46
1156.52
1092.53
1485.46
1943.21
1904.13
1966.22
1391.44
1943.32
1839.36
992.71
1270.86
820.66
1139.42
1525.94
1216.55
1801.3
1980.34
1520.92
807.59
1609.49
1245.72
1686.46
1677.58
1979.18
1254.71
1804.42
829.42
1496.83
1271.72
1136.17
1679.58
1401.31
1634.02
1770.13
882.79
1272.19
1574.09
776.37
1550.57
1340.93
834.33
1804.66
1490.39
2088.69
1209.19
525.87
1090.46
1500.64
1907.56
1784.92
1754.05
1401.75
977.46
1638.33
1666.07
1409.38
1465.79
1958.36
1376.13
1577.2
1437.24
1650.55
1871.1
1770.84
1997.74
1255.82
1085.68
1177.65
1440.09
1594.96
982.92
1858.02
1584.62
881.87
1593.61
1943.53
1504.96
1166.45
1027.13
1514.29
1235.2
796.62
1383.57
880.8
1408.9
1270.18
1239.24
1643.25
1060.83
1390.45
1312.16
1087.19
1488.61
1698.07
770.27
1695.72
1157.57
580.81
1393.88
963.92
1461.19
1109.54
1613.7
1290.86
1442.19
1304.12
1718.17
1089.03
1624.39
1192.96
1616.23
1912.05
2081.09
1677.17
1381.76
623.58
1751.3
1489.29
1507.2
1324.21
1597.62
1961.02
1530.01
1476.38
1498.79
1110.31
1976.64
1863.28
1845.07
1136.19
1394.71
1619.28
1592.6
1472.98
762.72
1851.72
1511.42
1815.39
1408.17
958.59
1776.3
1852.08
1375.7
1903.17
1478.63
1561.41
698.82
1457.91
2102.2
1488.29
1643.2
1939.46
1715.72
1440.62
1870.65
1475.22
1525.85
1510.42
1524.91
1572.79
2049.42
893.75
795.05
1850.03
1512.01
1322.05
454.03
1388.2
834.08
996.86
1870.98
932.96
1515.34
1726.77
1746.47
1375.43
1868.37
1388.67
1079.13
1494.55
1876.32
1568.4
1669.32
134.73
1362.55
858.06
1524.81
1521.33
1261.38
1480.67
1702.42
1594.14
1193.87
1672.75
1502.16
1615.43
1789.86
1194.14
1913.48
1483.46
1826.23
1011.35
1992.0
1602.11
1987.01
1274.55
1077.81
1968.6
1775.14
1570.94
954.48
1377.55
1812.24
1563.56
1596.58
1421.51
423.99
1658.47
1126.25
1369.83
1363.0
2149.04
1286.15
1427.87
1688.54
1097.88
678.7
1263.28
1470.18
1408.01
1545.13
1021.02
1027.45
1489.57
1413.23
1472.75
1409.84
1954.17
1534.11
1240.32
958.2
1507.09
1760.68
1615.65
1429.84
1511.08
753.6
1218.04
1041.73
761.89
1330.23
1627.42
1585.43
1865.5
1346.36
1677.95
932.82
1584.21
1868.11
1108.91
1945.21
1288.61
1899.08
673.37
600.65
1510.06
1132.55
1795.05
1234.68
1816.81
1669.53
1456.33
1688.21
1202.77
918.71
1792.21
1697.04
597.37
1239.27
838.23
1078.86
918.09
1446.35
1538.4
1574.82
1985.82
677.6
890.99
620.7
1438.8
1053.27
1490.7
998.29
2102.61
1584.82
302.38
1514.74
1268.68
618.31
1179.29
1481.86
941.71
1771.37
0.0
1764.94
828.19
477.14
1469.02
1129.88
1601.73
1549.08
1180.77
1607.13
440.08
616.17
1681.27
1703.84
803.57
860.42
1136.52
1489.69
1442.19
1409.63
1771.26
452.05
1357.23
815.35
1569.4
1681.1
1784.89
1642.4
1495.93
1894.77
1450.6
1972.29
1226.14
1619.89
903.56
1468.72
1341.08
842.04
1607.05
1632.57
1618.69
1708.19
1432.08
1684.5
1480.55
1197.43
1365.95
1210.91
880.21
1750.43
1630.62
1501.3
1415.15
2043.67
1787.95
1726.52
424.02
1207.18
1233.76
2023.74
1523.28
1110.0
1541.51
978.92
1928.36
1717.83
2074.73
1641.39
1582.64
1017.27
1944.93
1721.31
401.31
1338.89
883.29
1353.73
1509.01
1513.17
1476.36
1694.82
1450.31
1979.21
1436.86
1096.44
756.65
1626.91
821.87
1446.55
1514.05
1093.86
624.85
855.06
1360.9
1072.47
1603.31
1066.68
1757.98
1665.37
671.48
1520.8
1446.94
1419.72
1354.19
1299.8
1763.56
1537.68
1877.27
2086.4
1866.86
1586.32
1403.76
1152.45
1502.49
1507.55
1738.47
1750.47
625.49
1808.5
1924.41
1912.37
1778.54
1313.06
1371.87
1216.47
1230.18
1759.94
630.35
363.32
976.32
587.88
1305.42
1015.63
938.49
738.46
930.23
1597.61
1447.05
583.88
1290.45
1842.49
860.93
1815.84
1872.68
1454.01
1681.28
441.73
1476.25
1538.8
905.0
1306.33
1463.74
1214.68
1950.94
478.8
1552.68
711.98
2314.28
1223.71
1966.6
1173.34
1429.97
1261.39
1615.91
681.23
1418.04
495.1
1441.77
1718.74
1867.58
611.5
1744.23
691.09
1117.59
1051.22
1247.26
1699.92
1366.78
1534.98
1581.5
931.1
555.77
1155.75
1894.45
1818.43
1171.75
2056.1
1865.87
1645.09
1050.59
1597.77
1453.74
821.72
1646.04
1148.09
1663.79
1374.35
1440.74
1680.39
1476.45
1347.33
1682.97
1831.97
1616.99
1473.6
1194.26
1581.01
1811.19
1046.52
1691.87
1170.63
931.72
1678.61
1597.08
1899.01
1061.58
1187.5
1214.53
1128.99
1845.62
1312.29
1970.69
568.14
1381.91
1426.91
1313.8
1553.96
1782.38
1941.97
1580.27
1190.41
1309.63
1742.9
2054.87
486.07
1953.81
767.62
990.88
1732.78
973.44
1492.05
607.52
1846.73
1527.86
1943.54
2000.36
1258.11
1632.54
1528.28
2004.55
1634.23
1473.58
900.2
876.35
1604.08
804.15
1758.76
1477.37
1378.11
2219.36
1613.34
1617.05
1589.54
1214.97
1794.14
1733.55
1951.69
630.29
998.99
1049.98
1482.33
1806.97
1688.4
1512.87
1928.73
1634.6
1501.41
1656.57
1724.44
1519.56
1987.94
986.6
1388.2
942.49
1680.13
602.75
1718.05
670.29
1367.54
924.34
1193.44
1265.29
1178.66
536.44
1412.3
1393.97
1632.19
1139.57
722.17
1194.03
1576.37
583.59
727.59
1613.0
1747.5
1310.42
1758.3
1682.93
1770.15
1642.36
1665.54
1682.69
1368.04
1763.96
1580.23
1259.98
752.62
1084.94
1150.23
1548.73
635.73
1530.28
1943.4
1734.41
1391.45
1512.25
921.79
1718.38
2157.06
1455.42
1217.18
1825.84
1189.25
1325.98
1515.04
1648.78
966.23
1177.72
1859.71
1809.23
1973.09
1417.62
1601.36
1816.77
1678.82
1952.47
1688.45
1687.42
1709.98
1376.15
1818.57
1427.71
1590.23
1348.08
1489.68
1530.17
1472.43
905.7
697.61
1705.74
1599.37
1179.69
1107.96
1121.98
1525.05
1298.57
623.99
687.16
1576.42
1741.47
1566.75
1506.93
1964.84
1894.34
2061.59
1242.59
1513.36
1074.16
1403.77
1056.37
1774.96
645.77
1639.31
1080.4
1705.56
558.51
1380.33
1632.76
941.96
1506.76
1732.7
585.13
1385.4
1280.02
1447.54
1479.65
1594.12
686.08
1418.0
1634.48
202.53
785.55
1892.57
1587.74
878.63
1218.23
1776.48
689.56
703.66
1841.54
1714.99
1741.63
1939.24
1858.1
1309.71
1598.02
1307.95
1806.92
1713.22
1624.86
1655.04
2034.76
608.36
1704.55
1355.71
1559.07
1521.98
798.25
1254.06
1570.37
1476.55
840.15
1458.22
1936.95
1463.31
923.69
1532.32
1367.54
1640.52
1859.7
1858.19
631.07
287.97
868.24
1651.17
1785.82
603.94
1600.92
1542.08
1810.77
1652.51
1777.44
650.49
1799.09
1867.6
1561.8
1711.3
1921.71
1424.17
1880.87
1504.2
1168.23
1423.67
949.5
1658.35
1530.1
1760.01
1209.4
1616.91
324.98
1867.96
1463.77
1413.76
577.57
965.3
1866.86
1611.72
1710.71
990.08
1862.88
1424.67
871.06
1955.66
1289.1
942.8
708.8
1220.44
1821.72
1956.59
1375.76
656.35
1263.47
1081.15
975.05
1746.88
1251.66
1480.2
1339.98
1519.13
1544.68
1760.11
865.78
1457.14
1840.19
1651.89
451.49
1947.77
1421.03
2118.93
1778.8
916.43
1192.78
607.21
1677.26
1708.45
823.02
1118.54
1831.0
613.69
1135.23
957.97
1703.61
1525.45
2128.93
898.53
1182.1
1255.02
1512.84
1892.01
700.53
1873.51
1321.83
1465.66
774.31
1661.06
1511.31
1912.48
1795.97
728.5
1607.31
1174.61
1862.26
1423.47
1647.16
1698.39
731.17
1128.86
994.12
915.87
1483.84
1482.99
1712.2
1475.37
1375.47
1521.74
1296.53
1406.84
1462.17
1931.57
1065.43
1873.36
1604.56
1707.2
1473.7
1105.13
1495.09
1973.78
1687.41
889.34
1596.09
1524.1
2020.55
1621.39
1757.95
1758.48
1406.97
1505.03
1629.54
1816.99
1067.63
1528.89
867.47
1754.3
1853.94
479.71
1601.68
1881.78
1806.11
1471.59
1404.18
815.3
1234.12
1807.97
1145.44
1733.82
1210.36
786.92
1508.13
1564.18
1431.62
1802.58
1270.12
392.64
924.94
1756.06
1908.49
1755.76
1654.18
1945.08
1341.36
1567.6
1732.02
1650.54
1343.55
1482.71
1454.67
1655.14
1065.6
1621.81
1489.24
1143.82
915.41
709.37
1857.81
1250.21
1501.18
866.0
1133.5
1470.48
1646.67
1078.78
1337.61
1718.7
786.91
1890.82
1002.24
822.83
1661.67
1043.68
1713.63
1934.04
1092.3
1816.45
1989.72
1880.95
788.71
453.75
904.72
1538.44
1752.92
633.87
1815.16
1824.28
1247.83
1608.81
985.4
712.74
1727.51
797.05
169.63
1268.51
1875.23
1757.05
1610.38
1935.95
1741.49
1992.41
1640.9
1423.57
1350.13
1692.67
904.51
1511.06
1512.06
1824.59
1227.21
1640.53
1168.32
1524.75
1565.86
1417.36
1401.92
1225.3
1824.67
1113.08
1707.66
2053.41
785.93
1876.98
164.52
1949.37
1316.29
1731.41
1747.36
1039.38
1861.1
1946.54
1653.1
1608.33
653.84
1511.59
1754.83
1578.46
1442.48
1766.87
1073.91
1859.71
1616.8
1234.92
268.05
1908.93
507.6
348.88
1297.08
898.17
1836.35
1785.69
1485.45
1840.84
1607.39
1512.38
1552.96
1161.29
906.86
1821.51
1186.7
1571.52
1405.63
1420.12
1679.56
1605.03
1611.21
730.93
627.51
1447.06
1867.59
931.58
699.81
1189.21
1176.75
1351.1
1004.68
1652.7
1556.74
1793.88
795.12
1862.62
802.5
1951.93
1926.33
1465.43
1234.27
1493.52
889.01
1989.11
1357.96
966.96
1613.42
1004.8
865.89
556.64
920.11
501.68
1914.48
1912.53
1612.41
1415.55
1245.51
622.52
1511.41
1827.7
1162.93
481.91
1635.33
1648.55
574.93
1369.05
823.7
1029.8
1250.95
2009.37
800.46
500.15
1246.46
1868.45
1526.55
1883.43
1926.37
1302.09
1659.52
1920.98
1275.9
934.68
1057.08
1734.05
1365.05
1565.43
1020.95
1629.51
1952.82
1676.98
1084.34
1907.11
1961.68
1408.24
1731.76
1438.35
1010.92
1878.7
1354.22
1263.17
1512.87
1770.45
1501.93
578.06
1531.71
807.02
1081.69
235.63
1676.3
1818.63
1723.97
1235.42
1344.5
1741.66
1955.15
1649.45
1204.35
1490.58
671.69
1838.49
1811.13
1122.91
1800.27
1238.01
1715.9
2036.01
1611.19
752.66
959.29
1512.05
1878.62
1549.99
1202.48
405.11
1312.18
1198.75
1818.94
1580.0
1859.76
1594.04
969.28
1845.08
1470.41
1660.69
994.47
1538.22
1079.26
916.45
1469.36
1635.45
1566.47
1530.82
1864.34
1239.64
826.18
949.59
1786.22
1610.57
1699.44
1369.88
1316.5
1319.24
731.77
1999.36
1100.83
1934.52
979.36
1643.08
602.23
1488.13
1193.03
953.25
413.21
1698.73
1698.92
671.96
1183.85
1975.89
1872.3
1224.61
1851.05
1531.64
1497.92
1656.83
1490.54
2060.25
1034.55
757.53
2026.3
1680.61
1609.94
1833.74
2094.46
1521.47
1606.12
1594.64
1414.57
1256.59
1315.99
1306.94
1675.02
1465.88
1961.35
1552.86
1592.27
1643.87
1595.05
975.21
1874.68
1067.47
1413.66
1434.94
1676.33
1974.56
604.21
1171.14
1399.52
1920.03
1778.27
1133.1
1925.65
1669.73
1641.83
1830.42
934.78
860.74
1798.84
350.57
1848.05
1952.23
1861.27
1712.64
1501.44
1525.56
1519.02
1801.99
254.74
1641.17
1218.35
1199.64
1974.77
1766.38
1279.06
1471.45
1636.7
1595.1
1487.07
1562.2
1365.55
1830.01
809.24
1355.36
1150.09
1176.79
725.61
704.33
853.92
1609.61
652.02
1551.06
879.46
1521.99
1908.16
1867.45
1541.37
1883.71
1507.04
1360.54
1664.93
1892.13
1111.22
601.18
1208.35
1790.0
1614.03
1848.36
1932.62
698.85
554.26
1776.28
1122.03
1774.74
1032.08
1861.83
1132.44
1641.32
1329.57
1164.95
1332.92
1456.47
1888.85
1226.85
1982.33
1500.23
1388.77
1615.32
1684.71
1923.41
1714.25
1535.0
1329.16
2062.58
1101.47
787.31
1624.26
1213.52
1562.77
893.88
1252.54
1251.42
1643.18
1597.0
2057.23
1269.37
1479.4
1584.02
565.99
1655.23
1521.7
1817.11
1879.09
585.28
584.1
1626.21
1861.02
1195.64
1881.68
832.03
1241.78
1391.88
757.32
2052.35
1437.1
1103.31
1865.81
901.38
1455.8
991.05
785.99
1464.1
1527.11
1812.74
1507.7
1738.7
1617.82
1146.21
1862.76
1619.65
1495.98
1865.74
365.22
1726.42
1297.03
1679.46
634.63
737.34
1866.72
1838.67
1379.3
989.26
1574.75
1961.07
1686.4
1378.22
1616.4
1635.54
1198.11
1697.45
1639.48
1484.0
1173.86
1285.97
905.24
1740.8
1913.68
1578.35
1923.93
2113.73
1804.41
1516.19
1676.47
808.78
929.48
1472.47
809.56
1496.98
1430.49
1889.79
1070.3
1837.85
1658.52
1579.92
1716.38
1539.45
1809.84
117.03
915.99
710.1
1482.16
779.65
1881.23
748.65
2008.89
1653.26
1336.89
1119.52
449.98
923.78
1683.41
1520.78
1631.57
929.37
881.9
1413.43
1297.37
1642.27
1024.9
897.57
1612.21
1509.51
2027.21
986.69
1400.63
524.61
723.38
1744.21
1406.41
1799.99
1517.64
1649.46
1560.15
1833.05
57.62
1107.9
1895.43
1518.76
1604.16
553.53
1499.29
1721.38
338.54
1885.28
1872.97
1139.92
1494.58
1005.18
1788.34
1187.89
1502.85
1506.08
1474.69
743.24
1701.4
1688.3
1627.52
925.67
1092.24
1856.71
764.52
1750.6
1961.82
901.11
1437.12
1959.55
1588.39
801.72
1776.63
1237.67
1226.94
1430.36
1855.3
990.83
1346.45
1969.88
1632.87
1224.13
1624.62
1791.98
1371.93
1033.3
1574.78
1104.49
671.75
1186.23
1456.8
413.72
1648.53
466.16
1524.26
1258.43
1739.67
1685.26
1879.11
1484.51
1590.79
440.44
899.87
1481.99
1866.03
1254.65
1631.8
1922.83
0.0
1417.03
1525.43
1218.06
1597.59
458.44
2215.45
1394.28
966.75
819.02
773.72
1905.07
1363.19
1450.15
1944.01
1801.68
1259.97
1586.86
1563.0
1037.35
1868.83
1663.86
1614.14
1676.18
1512.23
2040.33
1508.41
1710.1
1002.81
974.61
1699.71
1825.03
1425.24
1019.5
2127.46
1489.21
1714.89
1651.54
1648.67
1500.87
1179.7
1593.15
1325.46
1921.91
1251.02
1724.3
1681.37
1624.92
2140.8
1351.39
1486.86
1639.63
1585.67
1434.31
965.23
1157.72
1683.15
1517.16
1828.49
1620.26
1268.38
979.95
1159.33
1034.94
1871.85
1572.17
1192.77
1814.5
1426.97
1722.39
1952.79
1879.75
1596.62
1622.65
1682.32
1194.22
546.7
1611.88
1957.66
1822.4
1726.81
2234.33
1703.23
1802.71
1178.81
992.16
1317.37
1741.99
1617.2
1613.16
1217.41
1660.8
1636.4
900.45
1823.96
1451.28
1939.98
2114.62
1270.33
862.7
1579.03
1807.01
1805.07
1671.72
1126.74
2002.65
1817.38
1890.96
1437.0
1621.63
1905.36
437.85
671.16
1430.58
866.87
1434.33
1246.56
1732.09
1072.88
1245.4
1262.39
1190.53
1729.82
1652.17
1364.08
1168.52
1703.56
709.93
1562.64
976.67
1949.99
1502.82
1505.66
1323.75
1475.48
1756.19
1336.24
1191.33
425.86
980.91
1606.27
934.14
1463.36
1651.76
1562.29
2090.11
1873.03
1748.84
1617.27
1658.69
1473.94
1899.16
1567.23
1606.76
1834.79
1949.96
1394.69
1739.55
1613.65
1580.72
1805.68
1091.73
1270.47
2092.21
1941.81
1406.34
958.2
1649.2
1995.28
1527.31
1620.4
748.63
1961.06
1158.32
1726.86
635.14
1276.08
1600.75
774.84
1508.51
52.13
1889.79
1807.24
1690.59
1202.01
1105.1
1371.54
1895.07
1873.33
1528.84
1838.05
1304.77
973.23
1631.6
1202.23
1610.29
1297.09
1518.05
1837.24
1920.8
2008.72
1515.04
944.92
1868.2
1117.8
1656.12
1364.3
1694.79
1237.29
980.63
1233.05
1667.94
1464.68
1586.57
1067.9
1666.88
1656.59
1759.62
1979.45
1888.36
484.62
1395.4
1114.31
1401.96
2184.71
859.53
1616.77
1871.76
1108.98
1319.12
1842.55
1742.49
1603.73
1683.16
601.77
823.07
1192.5
1615.1
1546.88
1595.88
1634.7
1643.27
1476.94
1610.42
819.71
1678.81
1827.55
1902.34
1913.19
1807.5
1524.61
922.71
1013.38
1707.64
843.97
1484.58
1506.81
1595.31
939.36
1724.26
1991.72
1036.08
414.45
914.93
951.19
1726.52
1316.02
1797.45
1853.48
1610.12
1033.81
1514.87
975.24
1422.97
1586.73
1199.61
1702.6
1500.11
989.03
907.29
1422.6
1004.83
2042.29
1301.74
1248.34
1810.46
1505.68
815.89
1206.04
1519.11
892.6
624.72
741.31
485.84
1372.61
1814.3
716.98
1601.11
1584.2
1689.86
1498.74
1840.97
1919.75
831.29
1464.72
2036.64
1504.99
1740.0
1348.22
1447.06
1691.34
1349.22
1231.82
1063.53
1593.27
1729.87
1452.31
1230.29
1667.52
774.25
1062.62
939.29
1659.23
1067.28
1389.0
853.05
967.51
1423.75
1006.16
939.27
467.07
1657.35
984.37
837.82
1919.33
781.32
2018.33
1297.23
1610.33
1824.74
1425.83
940.09
1774.71
1807.6
1783.19
700.78
1088.44
1103.2
1686.02
609.84
1446.86
1752.35
1471.7
1887.27
1131.91
1053.03
1703.95
1568.55
1939.47
1946.58
1496.68
1675.52
1692.04
745.04
1586.25
1038.93
1682.96
950.63
304.88
862.29
1311.25
1731.01
1883.52
1051.59
1512.34
1369.49
830.72
1414.61
1667.19
1530.47
1581.11
1829.32
803.02
1646.63
836.29
1756.26
1134.57
1268.74
1081.11
2009.28
1360.85
1287.23
1944.37
1670.97
1249.92
1896.16
1702.36
1574.46
1996.38
1713.37
1140.51
1527.71
1361.0
1615.68
1272.66
1736.53
1199.2
1649.84
1638.69
1913.99
1863.01
2209.45
2154.14
740.06
1476.44
1803.9
1560.24
681.78
751.41
1154.47
1960.17
1364.61
1439.55
1785.0
864.04
1640.4
1581.39
1750.06
547.75
1024.4
1709.6
1705.91
903.99
1126.94
1945.89
1779.3
1748.51
1819.69
1254.2
306.67
1913.43
1460.16
1247.91
2143.4
1456.41
84.25
1224.56
1668.2
1761.85
1825.34
1805.11
889.06
1717.86
1303.3
1688.81
1870.88
1443.44
1690.56
1363.79
1784.64
808.46
814.34
1160.63
1427.17
1732.44
1069.75
1892.42
1355.24
1479.68
1475.83
1469.04
627.3
1164.0
1959.65
1878.22
1305.83
801.61
1119.02
1522.67
2138.65
817.15
1769.7
1463.56
2078.83
1506.29
1974.43
700.22
1612.41
1397.38
1086.12
1484.02
1132.9
950.43
1517.92
1248.53
0.0
1628.04
1572.9
1677.66
1461.54
1488.88
1378.19
2198.9
1524.34
1486.2
1083.63
1189.83
1847.88
1597.82
1606.41
763.4
1406.91
1854.15
1643.18
1843.29
1989.08
832.77
1522.2
1757.15
1649.19
944.61
1940.08
684.63
1506.1
1644.7
1555.98
1248.84
786.38
1217.26
1737.44
949.2
1547.89
617.54
1515.19
1778.99
1237.41
0.0
1597.04
1633.41
1756.09
463.11
1279.83
1090.33
1731.19
1862.98
525.29
1326.98
1332.95
1722.65
1894.59
1287.14
1850.69
1827.32
1073.83
1585.49
1969.35
1584.41
1624.64
1489.99
832.14
1854.84
1433.79
1361.14
1464.97
1803.06
1326.73
537.32
1421.07
1879.13
627.66
1483.9
1594.24
1443.79
1476.13
916.25
773.07
1732.05
1680.55
1326.55
1170.8
1897.1
340.82
1903.67
656.88
1533.49
821.25
1273.44
1403.88
885.84
855.76
1425.33
727.2
1846.07
1384.83
1284.74
1947.53
1323.71
1479.59
1539.02
1349.3
1406.54
1271.87
1437.01
1604.37
906.12
696.01
968.96
582.5
2043.68
1709.61
1277.36
1309.99
458.1
1162.1
1424.31
1415.25
1185.17
2126.3
1234.16
1388.62
1545.35
1832.53
1722.51
1559.42
1732.59
1359.45
1796.81
1882.37
1423.24
1576.32
1626.84
721.33
1725.25
1304.66
1114.02
1868.06
1946.49
1861.47
1263.22
1678.21
898.51
810.03
1865.83
1312.45
1677.32
518.79
1360.96
1817.56
712.35
1588.86
1720.83
1936.01
256.84
1338.82
1984.16
1986.5
726.74
1321.93
1575.54
1909.01
1724.43
1949.43
1393.43
1515.66
851.29
1504.47
1015.51
800.6
1389.24
228.27
1850.6
686.16
698.02
1557.6
1327.26
2078.99
1268.71
1982.05
1916.94
941.21
1851.26
1635.65
1952.92
691.61
693.04
1636.35
1676.32
1610.51
670.91
1702.81
2195.17
1100.63
1204.75
756.29
1723.83
1858.08
1657.68
1984.12
1617.81
1531.65
592.99
1101.25
1787.31
2001.63
1750.09
1844.03
845.44
1612.78
1444.18
1967.9
1311.61
1372.66
1637.71
1324.69
824.66
1849.98
1364.98
1504.45
1888.34
1372.64
1313.94
1483.77
2005.27
813.1
946.78
1964.17
1739.88
675.44
1550.38
1547.56
1526.01
1856.77
1843.21
1415.87
852.54
1747.51
1422.09
27.83
807.18
1467.96
1015.89
1486.28
1338.68
1559.93
1889.21
1650.73
1035.38
1677.84
1638.02
1216.57
1393.87
1858.19
1746.76
1678.86
1730.46
1587.83
1989.96
1654.87
1904.69
1841.56
1293.32
1446.19
1560.92
1220.5
1742.87
1728.28
1879.06
1459.74
1761.35
2044.26
639.08
1406.62
712.02
1734.08
1626.67
1690.13
1381.64
720.8
1384.92
1417.3
1450.68
1309.64
1830.71
1874.45
1237.58
1942.39
735.63
1585.22
990.12
1594.48
1255.41
1115.07
1646.36
1520.36
1227.17
679.56
1488.77
1454.25
1488.14
1816.25
1688.94
1445.06
1748.75
1757.45
1491.35
1553.38
1399.25
1336.29
1480.09
2021.13
935.17
912.15
1877.4
714.87
1821.88
1599.58
1487.4
1386.83
1772.82
1434.8
1884.83
1821.46
1022.83
1740.62
1084.68
764.71
1345.14
869.4
1821.15
1901.81
1529.31
1470.04
1671.56
288.33
1625.54
1196.81
1251.32
1748.35
1047.83
839.57
1740.17
923.09
1387.03
1778.76
699.11
1547.07
691.83
674.61
1463.21
1672.16
1201.33
0.0
1632.58
850.53
1883.52
1690.48
1650.11
1636.08
1453.92
1406.19
800.61
1734.79
1868.25
746.29
668.76
1055.76
1713.37
1818.07
1201.04
2042.46
1311.81
1325.91
1964.24
1315.87
1971.9
864.86
1449.1
1579.71
890.86
1834.58
1286.25
1174.84
1758.4
1357.71
981.62
1799.81
2027.1
1608.15
1563.66
1121.94
1115.13
1308.09
1612.59
1312.92
1982.75
1646.43
1345.88
1254.7
867.06
1798.94
1549.0
1317.88
1463.91
1892.28
2078.83
771.74
1782.8
1634.42
820.86
332.29
1672.98
1305.34
1335.01
1094.87
830.24
1660.13
1735.39
1506.86
1731.07
1621.09
1426.95
1046.19
1641.04
1039.58
1239.03
1548.13
1097.49
993.34
700.3
1067.81
1860.98
1980.08
1748.02
1883.06
1216.28
1652.24
1547.23
1203.09
1358.3
1963.9
1238.47
1700.2
1615.82
1981.69
1529.75
1404.0
1516.97
1931.66
878.89
859.0
1454.67
1597.7
1016.08
1025.01
1236.01
1278.06
1780.16
1444.45
1349.74
1811.81
1606.61
1605.76
303.15
392.03
1980.73
1701.44
985.87
1849.96
853.09
1105.58
697.14
1638.59
1223.04
1985.01
870.6
1462.9
1456.26
700.21
1869.32
1187.66
653.02
1317.56
1748.28
1619.5
1277.15
1925.97
1560.44
643.57
1814.27
1979.67
1423.02
2058.25
1293.38
2139.33
1161.25
1789.99
987.51
1414.1
873.51
1294.51
1641.14
1496.7
1322.14
1577.87
692.27
796.66
1499.88
1212.81
1954.59
1959.05
1566.79
744.12
1315.57
1164.43
852.66
1679.49
904.33
1475.72
1411.98
1423.06
1416.02
1683.45
900.57
916.91
1877.07
1367.36
1922.05
1082.62
858.44
1859.1
1079.91
1327.19
1701.84
1678.15
1253.56
226.49
1859.02
1296.43
1946.89
1317.44
1516.52
1315.46
1998.4
1752.16
1679.81
1621.12
1824.15
783.21
1907.32
1511.0
1517.89
1778.04
1829.2
1442.75
1363.75
1878.9
1784.96
1186.98
1741.78
1346.05
881.33
907.8
1551.91
1985.86
1174.3
146.94
1627.08
829.76
1610.49
1306.2
1164.28
1565.53
1531.57
1582.31
1073.0
1716.09
1228.52
1130.78
1150.66
1557.47
1524.49
1591.4
514.09
1309.7
886.81
1807.83
1227.87
1574.38
1152.92
2081.39
1843.49
1246.71
1860.72
1227.78
70.71
1563.91
1276.23
1397.88
1542.38
1326.13
702.77
1612.67
1409.23
927.54
1943.93
1238.94
1813.23
1108.54
1463.31
1161.38
1884.77
1539.49
1930.25
1650.25
1698.8
897.09
924.86
1618.74
858.74
1418.97
1054.84
1244.72
1204.27
1940.21
1793.82
1542.2
1225.31
1012.56
1630.31
2059.11
1783.73
642.26
1201.42
1085.23
1576.98
1464.7
1644.32
1595.41
1481.23
257.29
1471.48
1771.03
1488.74
1633.37
1091.18
1972.38
1816.45
1133.09
578.12
2170.36
1197.02
1752.08
1704.59
1423.44
1924.9
1231.7
1739.75
1762.87
427.61
1306.67
277.53
1790.94
863.75
924.24
1839.24
1969.62
832.96
1488.7
1589.87
2066.25
1810.9
266.51
1614.34
1063.78
1885.75
1341.61
1952.9
1887.67
1980.53
1482.68
1732.07
1229.77
1479.47
689.22
1681.48
1416.55
896.03
1186.95
1724.88
1429.11
1767.54
322.8
1709.95
1697.92
1125.73
1099.02
792.89
1545.17
1241.92
1151.91
1297.15
1113.68
1524.27
1526.34
1139.28
1363.88
1618.96
1418.16
1581.81
1321.83
1737.72
1879.34
1169.58
1250.22
952.45
1581.86
867.75
713.0
1278.2
887.11
1873.87
1457.1
1090.28
1852.41
1163.74
1966.39
1331.5
1211.75
1349.33
823.24
1350.91
1357.26
1338.51
1871.57
905.49
1302.19
1446.08
1689.2
611.7
1502.89
1411.79
926.51
1889.05
1839.56
1157.48
1362.08
663.59
1667.93
1667.31
1365.86
1319.9
758.28
2019.17
1254.53
2171.86
1178.52
944.62
1976.3
1412.73
1530.34
1243.53
1631.98
1520.24
1319.24
1269.66
872.25
1393.83
1348.53
1511.27
1462.77
843.83
1382.65
991.29
1325.61
1464.56
1714.08
1904.28
0.0
1301.15
1979.32
965.09
1608.48
1190.32
1747.5
1238.32
1261.81
1524.83
1641.85
1812.07
840.02
1141.71
2014.63
1762.14
1749.75
1344.71
1938.0
1764.42
1982.33
1565.62
1536.13
1587.21
1879.74
1458.28
1218.82
1431.98
1519.97
1339.02
691.5
1131.95
1850.45
1237.48
1703.82
1941.49
0.0
1507.2
903.38
1584.77
1864.3
404.59
1500.82
1410.9
1595.72
1613.48
1147.54
1324.23
796.8
588.4
1341.02
1840.84
1955.56
1798.19
1817.09
1445.21
1719.6
1733.5
1929.67
902.19
1770.96
641.11
929.24
993.29
1506.32
1032.98
1593.08
1168.97
1615.24
1640.15
1725.76
1352.91
1422.29
1698.77
1290.81
1649.13
1913.38
1705.87
963.69
1287.13
1750.97
1295.45
1371.7
798.42
916.92
1503.99
1783.29
1022.2
818.41
1165.25
1725.14
1418.69
1376.79
975.15
1871.49
1546.47
1600.72
1647.82
1434.66
1291.28
760.4
1386.65
865.55
904.78
1784.66
199.71
1285.53
1978.26
984.91
1312.04
1072.13
925.43
1095.63
1272.73
1559.27
1433.83
863.41
1535.71
1781.21
1418.81
1287.7
1695.85
1626.93
1981.66
1271.35
1126.59
1370.46
1721.27
1295.83
1257.17
1627.44
1118.36
532.54
1804.4
1592.93
813.77
1212.56
1304.4
982.81
1604.34
686.04
1270.58
1210.76
1633.61
1625.06
1728.35
1823.22
1419.16
1452.3
1666.94
1735.86
1672.74
1939.59
1889.57
1644.52
1704.24
1193.08
1539.0
1309.1
1229.36
1745.07
1337.8
1231.3
1700.25
729.02
1816.38
1135.29
993.27
1092.97
1982.36
1576.93
1500.82
1664.7
1434.87
1601.35
934.06
1432.03
959.75
1491.59
1729.44
1037.51
1472.2
1497.61
943.27
1281.64
932.47
1530.68
1840.87
715.41
1337.87
742.53
1666.84
519.79
1069.61
870.99
1457.87
1572.67
1994.66
2019.92
1357.67
734.78
795.46
978.69
1933.92
1523.56
1354.37
1385.01
1528.91
1200.52
1913.15
1687.44
1040.29
2104.91
2165.22
1939.55
1622.01
1514.57
849.47
1557.22
1256.68
1502.39
1500.8
986.64
545.48
2000.09
1466.52
860.89
1480.75
1637.21
1235.93
1626.15
1905.12
1048.55
848.13
1372.62
1751.62
734.82
743.27
606.31
1778.34
1682.52
1407.12
1878.68
1304.31
1966.21
1645.11
1375.71
1592.79
1974.84
1619.68
1342.64
1527.42
935.72
745.66
1536.53
1576.72
1711.63
1564.68
939.88
1877.46
1803.99
1743.41
1995.02
1693.19
1757.11
1439.39
2113.59
1788.75
1124.0
806.35
765.2
1748.26
1002.57
1641.4
1741.64
1493.84
1176.02
1416.42
1321.38
1518.35
766.25
1375.61
1820.48
795.48
1727.11
1014.19
1667.83
1510.01
1195.3
802.94
1528.83
1461.35
1541.3
1538.21
1287.57
1777.99
1336.68
1451.02
1420.71
1877.93
988.1
1850.12
1707.53
1585.66
619.75
649.02
1873.35
1091.13
811.7
1540.27
1040.34
1650.27
819.75
1550.31
1845.09
1729.09
1515.07
1858.01
1866.82
1319.04
1425.72
1472.27
1569.02
1125.49
1134.36
1525.42
1274.48
1242.25
1597.12
1676.66
1263.99
1655.12
1741.8
675.16
741.59
1767.99
1466.7
1421.27
1747.69
1602.36
1255.31
1077.14
1650.25
1384.9
951.62
1884.94
1486.6
1856.88
1522.71
1698.04
1086.57
1479.11
1707.54
1694.46
2133.91
1011.92
627.5
1336.17
1410.55
939.35
772.05
1812.03
1104.49
1837.72
1226.89
1749.98
1838.27
1703.33
985.51
1509.24
1694.31
1051.42
814.04
628.07
1258.41
1827.03
1742.26
776.03
1378.45
1535.2
1681.4
1563.21
1917.73
1991.5
1896.84
1494.5
1980.01
982.89
1123.42
529.67
1711.29
1506.06
1350.58
1525.93
1645.87
2087.81
1814.09
1774.38
1498.95
1428.06
1504.98
1649.21
1923.14
1975.01
1391.61
816.65
1679.21
1501.31
1259.18
1427.8
1435.3
1858.61
1128.56
1060.56
1333.63
462.5
1560.38
1506.0
1639.29
1455.43
1188.5
1185.59
1328.42
1068.5
535.5
1561.0
893.71
1576.17
973.73
1895.28
598.33
1917.1
1818.27
1755.44
1637.36
1909.17
1306.33
1811.23
537.4
1305.74
2144.87
1039.44
1231.26
1485.54
1580.94
483.87
1484.38
1477.46
1276.13
1893.02
1902.15
401.3
1539.53
481.2
1575.9
1357.05
1579.74
1447.84
1739.47
1993.93
528.02
149.12
1391.96
1194.93
1213.8
1351.7
886.79
1759.33
942.78
1837.94
1520.64
858.59
784.22
1234.92
1667.15
1848.77
825.17
1651.83
1601.29
1166.98
663.19
764.47
1489.46
1307.89
1075.56
1444.05
864.72
1638.64
648.32
1260.26
1764.64
1604.31
2027.63
1698.32
1431.19
845.92
1744.04
787.77
1581.47
1135.01
1583.5
1306.13
1176.98
1505.63
1551.27
1562.34
1442.71
1922.92
1816.37
1870.6
841.27
1835.97
1364.29
1506.39
1960.62
1627.93
1706.79
377.91
1205.86
1266.49
1967.59
1442.05
1976.94
1722.19
807.24
1573.17
1671.39
1835.8
1049.38
1090.34
835.86
1474.99
2144.91
949.73
1828.71
1602.94
1216.01
670.65
1712.09
839.16
1509.49
599.75
1148.73
1116.17
1286.8
1799.81
1937.03
849.68
1694.59
899.86
681.35
1358.58
1173.74
752.45
1560.33
1834.25
1210.91
1556.66
1216.98
1271.08
1525.25
1514.91
1230.35
1341.33
1376.28
469.35
608.06
1602.98
1222.22
1170.24
1079.32
1376.02
1168.82
920.22
1775.43
806.39
974.77
1424.3
1644.88
1616.3
1180.68
1595.51
1683.39
1730.92
1492.92
1921.56
1416.62
1644.83
1786.94
1043.85
1735.52
1472.84
1805.07
1435.03
1321.31
1730.18
1398.28
1828.46
1942.4
1874.27
1866.64
1699.25
773.2
1534.6
555.95
1310.41
1445.86
1121.98
1648.08
1910.81
1823.36
1986.18
1367.9
908.68
1428.27
1691.15
1651.52
1855.44
613.78
1446.22
596.26
1349.84
1952.32
1551.37
1582.59
1002.32
968.04
1656.12
1419.63
1384.86
1474.75
1314.9
1934.27
1642.87
642.15
1253.16
1725.19
1261.68
1348.4
1523.5
1632.8
1131.7
765.75
287.97
1816.05
920.58
1701.19
1866.6
1574.2
1485.59
1926.04
882.54
1322.71
1506.28
1362.6
1336.06
684.79
1821.92
1629.13
1443.59
531.21
1225.47
1610.45
1520.89
1119.29
1829.48
880.71
768.82
1387.58
1270.34
1818.31
1431.72
1129.03
1931.35
2046.55
1856.3
1374.62
1046.64
658.95
1683.2
1397.62
1719.91
411.84
1770.64
1813.81
1727.54
1547.88
1757.46
952.11
752.67
1744.76
1671.77
1649.47
1420.18
1151.23
1451.46
1067.51
790.54
1944.01
1079.48
1317.23
1409.11
1052.48
1164.6
1595.37
1916.65
1362.13
601.07
1438.59
1124.67
1598.38
1521.14
1287.21
1746.85
1507.07
1609.81
1992.9
1647.39
1065.24
1537.38
2089.43
1231.28
1518.31
1553.12
1131.67
339.22
1473.93
1030.3
1600.84
811.56
1421.72
1010.61
1213.91
1576.86
731.75
1385.18
1986.11
790.88
2106.42
1061.15
1230.4
947.31
1664.07
1827.51
1416.56
1547.86
1224.74
1021.12
804.77
1847.21
1238.45
1886.9
1681.1
1706.05
1131.58
1536.08
1527.14
1899.73
1202.55
1410.48
1673.84
701.17
1909.56
1868.54
1875.99
1773.6
1831.82
1096.93
1703.22
331.45
1398.57
1203.7
1373.79
861.58
2036.1
1368.04
1422.19
922.6
1977.14
997.88
156.62
966.21
1001.63
1888.26
2002.73
1782.98
1644.38
1832.35
1201.39
1533.06
1000.07
1282.3
1523.16
931.86
808.99
1695.44
1193.77
746.48
1437.7
1711.52
1428.21
1681.44
1846.55
1282.29
1968.27
1607.03
1507.61
1699.81
1429.86
1398.79
730.95
1080.93
626.3
1596.5
1631.43
1706.94
1495.63
1287.4
1317.03
1285.66
643.76
1800.47
1825.45
1491.97
1809.69
1572.91
1351.37
2029.81
840.02
1282.2
878.08
1706.25
1421.8
1013.46
1171.24
1832.37
1788.17
1612.56
1455.11
879.44
2035.38
891.94
1402.16
1544.73
1232.49
1485.78
1297.88
1367.55
1121.94
926.57
1976.96
1507.16
830.06
1848.94
1363.37
1711.14
603.16
1831.09
1447.71
474.3
1180.36
463.64
310.9
1416.8
1324.78
1431.16
1685.99
1479.63
1198.06
1738.96
2156.55
650.26
1537.62
744.9
1612.67
1432.84
1260.38
481.51
1817.65
1799.64
1469.33
1415.99
373.24
1135.63
1752.91
1387.21
1361.67
1257.38
1751.04
438.62
952.95
985.25
891.37
1818.18
834.23
1096.83
1862.75
1501.83
1204.51
406.45
1316.74
1100.57
623.19
1133.71
837.26
1632.38
1640.2
1835.71
1405.36
1733.89
896.52
1564.91
1860.78
1604.36
1542.69
2110.84
1250.37
613.85
1418.44
1220.91
1915.17
1821.5
1513.66
1039.47
1759.87
1116.38
1487.23
892.7
1842.58
1487.4
1225.39
1576.71
1690.95
1979.13
1633.42
67.73
1542.7
1721.36
1061.38
1041.26
1447.21
1558.9
1435.34
985.52
1857.42
1657.18
1604.97
2019.23
1924.96
1589.48
1306.31
1522.29
1566.48
1357.96
320.29
1634.1
1795.82
1315.45
1252.42
1704.25
668.58
597.48
659.41
1858.79
1245.48
